386

’ ’ 9483. 9505. 9741. 9858. 9912.
10039. 10108. 10135. 10197.
10295. 10525. 10629. 10684.
11011. 11539. Ι12092. 12194.
12259. 12286. 12329. 12374.
12379. 12446. 12569.

100101 11703.

Lot 137.

Lybials 3575. 3700. Libyals 3591.

Μο00110 99381007110113. Ma-
1011010047.

Malloas 11640. 11663. 11685.
11711. 11950. 11957. 11978.
11985. 11998. 12047. 12050.
12067. 12083. 12102. 12163.
12174. 12190. 12209. 12468.

. 12502. 12511. 12607. 12637.
12657. 12667. 12694. 12708.
12742. 12759.

Μ411001 12811. 11ι’5ο111

Meleranz 163 u. s. w. 1613 ἰ

Monteflor 1667. 11132. 11345.

11359. 11745, 1011ῖω101111111,
Nautes 3855.

01110018 131. 141. 161. 932. 2507.
, 3133. 3781. 6500510261712805.)
’ ,, ’” *1,. 8219. 8247. 8290. 8312. 8313.

Optanus 9938.

0000 107.

Paris 589.

Paris 2485.

Pleiaere 102. 12766.

Ρο1101111 11691. 11695. 11715.

Ρο101 4695. 6851. 690511435.
11739. 3111015530.

1100011113 3576. Roconica 3702.

801100 3582.

80113129. 137143. 148.

Soboreste 7145. 8285. 8394.

Το11010111115763. 64186513. 6525.
6534. 6713. 6735. 6869. 6874
6924. 7073. 8996. 9012. 9182.
9625.

Terrandes 4471. 4887. 4937. 7083.
7484. 8865. 886310620. 11107.
11113. 11128. 11450. 11729.
12283. 12297. 12685.

’11030110 4863. 7134. 7150. 7160.
7193. 7226. 7270. 8184. 8457.
8484. 8563. 8587. 8855. 8381.
11130. 12101. 12191.

Troie 591.

Tydom1e 6160. 7341. 7349. 7360.
7508. 7642. 7681. 7956. 8772.
9092. 9142. 10044. 10465.
11175. 11648. 11838. 12112.
12169. 12257. 12368. 12555.
125741279012800. Tytomie
518. 1461. 1516. 1662. 2723.
2819. 2847. 4186.

761100 662. 838.

70100061 4867. 7139. 7171. 7223.
7599. 8022. 8114. 8135. 8145.

8354. 8382. 8389. 8473. 8502. y
8591. 8841. 8868. Ferangbz
7968. 8174. 8199. 8256. 8285.
11113. 11121.

Fortsoborest 4868. 7599. 8135.
3010000101107983. Fortsobo·
resten 8874. 2 *w*

Wimar 12775.

wolfram 109.

 

