1010111 ihrer 101001011οο 001 1111000
11011000000100 115.

11000011, 0100101100 110001 65.
1100001100, 01011001 10 10001010 43.
46. 64. 9091. 96. 109. 111. 195.

1110011, 11000001, 18.

Linde, 110101, 11011010 0000011001.
(Er 11111 0001110101. (101010000001
001 010101010 000 Β1000110001010 an
10111011. 101011, 195.)

10000 (1001100110),(10010, 18. ·

101101, 0100 00 1110 101000110 101-
0111000103.

1101001110, 14. 81 und 01101.

111101, 0111100101100, 78.

Maior, (10010, 8.

1111110010 1. 18. 146. ,

111001οΙ1, 111011, 0101 100, 36. 116.

110000011010,01100110010, 100 00110
0001 10001010 00110011 119.

11010110 elector, 0. 11100ᾱο01010, 10-
achim.

1111011011, 111., 13. 14. 15. 11. 30.

1101101, Ρο11., 83.

1111100100 1. 8010 11011100011110000
105.

110111011100,011101100, 151111. 157.

110100011100, Ρ1., 1. 16 001 01101.

11οο00101, 0016111001011010000100-
001100 140. , ’

11101001, suffragan 100 110101 101. 104.
105.

1111011100, 10, 1011111010 5. 19 001 01-
101; 1010116000105. 1. 14. 101000,
10010010010101 9. (101. 1011110000
11, 101.)

1100010. 8010111010 001010 108.

11011010 10001010 56. 80. 81. 91.

11100101. 110010111001 0011 truppen
101 1010001000 1011101100 0101100
86.

1100001110, 170110, 010110011011100-
1ωο0000000
54. 51. 57. 18. 81. 85. 94. 100103.

’ 100111. 115. 180.140.148. 150.

1681131177. 18110110 10001010
10110000 195 11. 113. 111.

11001101, 1101001010 11.

1100000 (1101001010), Wilhelm von,
5. 11. 14. 15. 16. 18415155. 141.
153. 184. 194. 191. 198.

1100000, Philipp, 91. 98. 114.

1100000 (80011110100),.101., 65.

11011100 8001000 (Ηο000), Ηο101. 001
101, 10110 10 91011010 11000100

’ (1111010000 11, 198) 5. 19 00101101.

1111101010 8. 00010110100 00000 109.
01010101001, Ρο11., 11 und 51101.
00110110, Βο101., 33.
001001017.100001010 851 ff.
(11110000,οῐοἰ 170110. 100, 191.

Otto, 01110100101101 10 1100011110 (010
(101001),0010011000010011011010148.
49.

Ρο101. Τ1111Ρι1100 001 Ρ1000010 ab,
001011011011001100,1000010000100
000101000101101100 11.

Ρο1011010, 1100101110101011 10011010-
000110011 11.

Ρο000 100 11010010 61. 100 01111001010
100 (1510 151.

Papenheim, 10101000100101110. 18811.
191.

Papiermiihlen 56.

Ρ1011·Β111010,011Ηο101101100,10191.

Ρ110110001,0001011110100101100 48191.

1110010101, 74. 130.

Philippus, 1010101100110 11001011 6.

10000010, 101100 Philipp von, 111.

Ρ101101100101000 evangelii 10 con·
stantinopel 38.

Preise: 100 100010001010 56. 0100000·
0010110100100000 38. 0100010101·
00011011010011011010 49. 01000 0101-
100 96. 10011001010 107. 01000101·
0100 111. 01000 00110000 1101110100
198. 01000 01000 131. 01001 1000100·
011 131. 169. 100 11101010 158.
161. 166. 185. 01000 0100010 141.

1111100, 0111 00 0101110 1001101018.

 

