385

11829. 12169. 12288. 12369. 10498. 10735.10737. 61111131
12450. 71-73r0‹4an.c<27⁴⁶³. 10456.10494. 61313113 10509.
1110113 589. 6111131111 10731. 6111131301)
1111633 592. 10745.
Eschenbach 109. Hartman 107.
Flordemunt(vgl.Monteflor)10464. 16311103 12607, 63333153 was
10641.11534.11561.11709.111111111111675.
4ζῖ41015867.12151.42.668 12762. Ispanje 2504.
0133133131 141. 131. 340. 313. 11οο 133.
945. 1671. 2254. 2474. 2484. Jenower 2801. 2806. 3080. 3097.
2710. 2762. 2778. 3034. 3076. 31063110. 3133. 6779. 3791.
3084. 6118. 3159. 3776. 3804. Κ31113110 12688. (13013110 7342.
3633121731220612465. 7507.9091.11647.01131113113
125161255812647.1131101101] 517.1661.11686.Κ311131101
3214. 3509. 3794. 6497. 6636. 7675. (1113133113 1145612291 1
10130. 11477. 11314. 11313. 1131033133773701. 371011141 1131
11953. 12024. 12065. 12162. Karedonas 6955. 6995. 70077077.
11370. 11333. 11331. 11304. 7101. 7115. 7131. 7111. 7103.
(1313131157. 6313113123913800. 8104. 8487. 8581. 8854. 8862.
. 1130311301. ’ 3130. 3130. 11110. 11131.
(1313003033 8556. 11821. 11853. 11875. 12101.
(131310137676601363613. 12261. 12331. 12501. 011013-
633131113 3925. Kasterne 3941. donas 4863. Κ313110011334891.
630611 151. 2391. 2635. 2664. 0313300133 9099. ,4444444443
2674. 2677. 2688. 6800. 12072. Κ3313333 9263. Kouesas 471.
12165. 12175. 12193. 12212. Lacbuz 11703.
12405. 12596. 12601. - Lambore 7677. 3 domin
(161011 4446. Lazeliez 12810.
63013113, 7149D 30 1033373336498.13133310155. ’
(10001133 4469. 4567, 4745. 4889. 1111131133 3776
5765. 5841. 5965. 5986. 6009. Libers 7751. 9105. 9117. 9190.
6025. 6074. 6124. 6173. 6177. 9306. 9323. 9339. 9413. 9483.
6188. 6432. 6453. 6537. 6556. 9741. 9877. 98961004510051.
6562. 6670. 6676. 6681. 6693. 10108. 10135. 10157. 10178.
6733. 0933. 6995. 7005. 7482. 10197. 10209. 10295. 10361. ’
9022. 9032. 10380. 10395. 10368. 10547. 10684. 11011.
6111131113111140156. 11509. 11577. 12122. 12163.
6311011154. 12194. 12259. 12285. 12329.
(100016092959829.1044610454. 12379. 12446. 12459. 12506.
10616. 6011313110 9311. 6111131314 Libert (: wert) 12174.

6111113131 9719. 9833. 10031. 11014611 7751. 9105. 9190. 9306.
1131313111. 25

 

