968

1111311111 3111116111 167.

1111131111 1111161131 111 Polou 61.
66. 69. 71.

111611, Ρ111., 9.

111111 mii insohrift 48.

1116111116,116113 11. 24. 107. 160.

Fosi in 111 Wittiohs 311111 171.

1111111113 61111 611 cardinal 1111
’11111116 105.

111116111, 111 11111111, 10.

Florus, Liberius, 10. 15. 1111 1111113
11161111111122.(6.111111111111.
11, p. 194.) ’

«111111, Mara, 16.

Friosland, Ost·, 36.

Frohnlsiahnamsprooossion 128. 184.

11331161.40.Δ1111111111111111105.

1111331111, 611, 84. 65.

111111, Christoph, 212.

8611111111311111. von, 77. 147.

11111111 111Κ111 V. 180. 187. 191.

(1111111111, 1. 1111111113.

Gnoso, Hans 111, 11. 66.

Gawiiramflhla 71.

61111111111116 1111111111 orn 86.

6111116111, 16.

(11111, Christoph, 145.

6111111111 15. 11. 11. 26. 40. 41. 47.
48. 56. 60. 65. 71. 74. 77. 90. 91.
95. 98. 110. 120. 126.127.161.165.
141. 144. 180. 181. 237 ff.

Grumhaoh, Wilh. 111, 17.

61111111, haur. von, 68.

Η111, 111., 5. 47.

Η11111 von Hallsrstain, wilc, 158.

111111, Cari, 13. 15.

111111111111, 12. 14. 17.

-Η166111111, Goth, 31111611111011-
1111111131166. 164.

Η11111113, 311111, Wilh. 1116111113,
5. 6. 261. 266.

Ham-iona, 111., 3116131111111311113
116111111111.1111111111.
118. 168. 151. 156. 164. 169. 175.
186. 222. 269.

Η111111, sain 311111 49. 95. bassa
186.

« Η1111, 111., 11161311 111 Β111111 11.

Η11111, 11163111 Philipp 7. 9. 16. 61.
169. 200. 205. 8111 1111111111 sn
611 kaiser s. 111113.

hiessen, 1111111111 611111311111111110.
49. 66. 69. 96.· 95. 119. 169. 151.

. 164. 171. 111111 154915 9113111
1111111148.

Η1111111, 111., 66. 46.

Η1161111111, 1111113 611 11111111 mit
Heinrich 6. a. 111 Braunsohwsig
181.

Hoffmann, christoph, 13⁷.»

Hoffmoistor‚ 116111 111 colmar 7. 8.

1113111111, 111., 1111111111 41.

Η111, grafan, 17. 61 1111661111.

Η611111, 11161, 11111111 169.

flammai, Jo, pfarror 11 111111111311.
1111111311 astronom 86.

1111111911. 111 dom nu Angsburg 61.
111 1111111111 11111111 151111
11111111 168. 11 weihsnbnrg 209.

Interim, 611, 68. 69. 71. 96. 94. 07.
100.106.105. 108. 127. 128. 160.
169145. 169. 192. 194. 211. 221.
223. 261. 257.

11111111, daran hahsuoht 97.

11111, V., kaiser 25. 29. 110. 111. 117.
179. 186. 187. 101.

Karta von 14111τί111216.

Κ11111111 111 11311113 1111111111
auf waldsohisoho bargwsrks 14.
158.

Κ1111, 3111111,11111111 216. ⁸

11111111,6111111611677111.1111,(1111·
mals 1111111111 11111111) 72111-
1111111111 der 1111111161111116611
154.

11111111 S. Udalrioi nu 1113111113 84.

11113111111, D. v.‚ 177.

11111111, 1161131. quartiarmaiatar 49.

Kur· und 116111 11111111 111111 111·
3111111 161611311111, 1111111 aus

 

