1111 11311113 1111111111 1111 111113111 111111, 111111 111 1111 31111
111111, (111111 1111 111111, 1111111111 3111111111 Η111113111 111111.
L. landtschafft gar 1111, 1111 1111 111 3111111 111311 1111111 1111

11111111 1111, 111111111111 11 1111111111, 11111111 111111131111111
111131111311 warde, 1111111111 111 1111111131 311113111 sein 1111
111111113111111 3111111 1111111111111111111111 11111.

Nun 111111 111 Ε. L. 1111111111 11111111111111 1111 11111-
3111, 111 viel 3111111113111 Ρ11111111, 1111111 1111 1111113111 fau
11111 1111111111 11111111 3111111111111111, 111111 111 1111111111 Ζ11·
1111113, 111 811111 dem 111111 mit 1111111111 3111, 111 111 1111111 1111
111111, 111111111111 werden, 11111111111111111111111111, 1111111111
1111111311111111113111111 1111111111111111111 1111111111111111131
111 111111111111 11111111 11111 1111 Τ111113111 1111 1111111111
Ρ1111111111111, 11 1111111111 111 1111111131 [1111 sein 31111 111111-
1111 1111 1111111111 111 1111113 111111· 311111111 1111 11111111
gebracht, 111111111111 1111111 111131111111, 1111 111111111111111-
kommen 111111 1111111, 11111111 111· 1111 dem Hertzogenn mitt 111111
1111111111111 Willenn 3111131 111 1113111111, 111 111111111111111
111111 1111 111 (1111111111 111111 811311111111111 Worth 111 Evange-
lio sein 1111 111 11111111 11111111 111111 1111111111111111111131-
1111111, 8111111111111111111111113, 11111 1111 31111 11113, 111
111 111111 11111111 1111 1111 1111311, 111111 111111 nicht erwindenn
zu 1111111, Darumb 1111111311111111 1111111111111, 111 8111111113,
1111111111131 111 1113111111 1111 311111113111 1111111, 11 S. L. 11-
1111.

11111111 111 aber, wie Ewer Lieb 111111113111, 111 111111 11111
mitt 111111111111111111 (die doeh 1111111 1111111 3111111111 1111111)
11111111111, So 111111 111 willens 1111 1111311111111 111111 11111-
11111111111111111111111 zu Waldeck 11111 1111111 1111 1111111
11111111 1111 Τ111113111 1111111111 8111111113 111 1111111 11111111
1131111111111. Weill 1111 E. L. 111 3111111111 11111111, 11111111.
L. 1111111 1111111 1111 1111 1111 111111113111 11111111 111, 111 11·
1111111111 1111131111111111, 1111 111111 111111 1111111 11111·
11113111 1111111, Dartzu sie 1111 111111 Ζ111111 fur sich 111111
111 111111 01111111111111131111113111 11111, 1111 111 111113 nicht
1111311 daun wir 1111 Η111113111 mitt aller 11111111111111 zu 31111111,
1111 111 8. L. in deme 1111 (111111 1111111 111111 311111111111111,
111111 31111311111, 81 haben wir 11111 1111311111 11113111 such

 

