11001οΤ111.

1101110101 1111301113 45.
01 1101111101 1111 001110 1111011

dm, 1100001 111101 100101.
ola 101 111010101,.101,32.150.
1011111, 111111. von, 23.

ιι, 00110 10111110 07.

burg, gns christoph, 177.
luguen, Herm. von, 17. 52.
mis, (10101 1011111110 104.

1 astronomicum 150. 160.

ι, casp), 10110110.

1, ,110101 1010 1011011011 10.
ult, grtbdenkmfilot 242.
0101011, 0101 ormella

111301, manen grosso 01111101
lou 143 ihr 1010111111 251 1110
10 nu 301100 11011 05.

lin· 32.

unt 1011001οι 110101 221. 222.
piel (1013001101 107. 110. ,
1110, Patr„ mit 1111011 1010111

0111100101 11 11301113, 50.
mor, Hieronym. 0. 212. 213.
0101001010ου0, Beuneburgk,
11. von, 11. 33. 113. 133.
0011001101, 110. ⁴

11 (311101), Max 101, 11.
0011011101001011130. 100.
10111113, 001100 227. 220.
10101110, 110011 von, 11. 1011.
1,.210. 50001111 6.10. 10. 20.
{johann 145.

1011πο13, 10110011. von, 10. 011101
’,101 Ernst ιι. 00.

1010110105.

31011, 30, 70. 254. 255.

naemu„ 15. 10. 31. 56. 75.

3130111301501, 0011 1017.

Burg, 1001301 auf 1101, 1011011ιί012
213. 223.

001001, 11111111, 206. 200.

00101110110, 010111, 01.

0000111011 und 1011111101 01111 11001011
11101 1130111330111011 00.

0111011110 (0011100101), 0101110111,
5. 20. 20. (00111. II. p. 100.)

00011010, J 01,, 05.

0011 (1111010111011111.) 0. 11. 15.
00100. 107. 112. 115103. 107.
150150.

0011001111 11 0030101113 50. 140.
147.

00111011, 301, 1110010011ιίοά 40.

0011101, 011 1110110101, 1010110101
1101011100.

0101011013, Herm. von, 11.

00111131,1’1111101, 10. 222. ,

mugen, 31111, 011 3001010101· 11011
136.136.

00111001, 0111010101 von, 0.

Diu, Joh. ,111111μο1 10.

Dom 11 11301113, 3011111110 datin 00.

Draco, Alb„ 215. 217. 210. 221. 221.
220. 232. 234. 230. 240. 247.

1110101011, Phil. 101,2. 17.

111101, Η101., 0. 211.

001 101 1101111001, 1111303101 (101
1010110001 170.

0311011, graf 117. 137.
11111 der geiutliohen 220.

 

