276

010 1100 010, (110 ander 010.

9700 0000010 wind die 070000 (10 “
01 01 010 000001101100001100.
0 (100 si von (100000 01100,
(100 werde junge (legen

[1621’] hiez der 010100 000000 0110000.

9705 00 000 10 000000 nemen war.
010 000 wart im gezogen dar,
dar 01 000000 (100011000οῖοο ·
000 010000011 0111001100.
000000 (100 000110 man

9700 (100 000000 01 01000 00010000.
mit 000000001110000 01000
01 (100 anger 0100 riten,
die knappen 1000100 mit 10 (100
100100000 0000 01 (100 010οε

9700 1110001000 0110 010 gevar.
was er 0 000000 000000 (100,
00 kam nu 0000000, (100 man im jach.
der 001100 010000 000000 000000·
11000101, 0000 0000 000111 an.³

9720 der 000000 0000 01010 (100
und 00001 0000 000111 00 (100 01000.
00 000000 ι10 00000, 100 100010100010
0010 00000 1010000001 (100 0100.
(110 00000 001010 000100

9700 (100 000111 100 010 0000οε
gesigent 01, (100 101 10 001000οἶ
00 was der 10000 000 000000,
00 und alle sine 0000,
00001001 011100110000 gar

9790 000 000000 0000 00 kaeme dar.
(10 01 00000 00000000

. (100 00 was 01 (100 anger komen,
(10 11100 01 00 10 000000 (100

, , 300 Μο1000000 01 (100 0100.

0
9701 0110 0100. 971100000000110000. 11100 mmmm

 

