159

’5550 1111 1101, 10110, 101131100101101
(101 113001301 10110 101100 00.
01 101 (100111011130100
0010030 000 001

101 1100 (101 101000 01000101
[931]1(10301 ob er 111111 01010300.
101 muoz iuch 1101001 10010 1110300,
10110, 00110 (1010100030οε
(1011011010 301 00001010οἶ ,
Μο101001 10 (1010 wirte sprach,
5560 010 im 010 01001101 0110011101,
‘ich 1100 (100 30010300,
1011 101 01111 011000110300 j
got der aller (11030 1111131. 1
010 3011011 111 1111 (10 nider 1131 ’
5565 (100 01300100 110100 tuot ³
Ἴ 011100 durch sinen 0110110001. 11111
daz sol im got 01111003101110300.’
111 00301101 010010 10300
00011000 den helt 3010100.
5510 0110 (110 (10110100
(110 10100 01 3011010,
01011010101100011010. .
Diu naht 101 010 si noch tuot:
ez 0011011 010 100 00 3001
5575 0001 0011010001 0011011,
01 100110 101 (101 0011 0111
3011010 010 101001 11100 (100 01111,
0110000 01000 (11111110 111.
0100 was ez (10 0130οε
5500 01 101 dem 1030 3001301 an.
der wirt 101101010010 sprach
‘herre‚ man 1111011 10 111010 30010011.
011000 11 11011, 00 01111 11 010100 300.’
(10 001001 (101 10130103001000,

4

5551 minem. 555611οι wann. 5574Εο 111111. 5577 er.
81 1101010οα00. 5582 1115111.

 

