941111111111111161111166

Berlm 10555. 1057710639. 10162

1119111915.

Amr 610. 366. 10161.

41010116 130. 139. Britanjaere 6636.

Artas 113. 121. 161.169.266. Britanje 924 2431. 3501. 3934
310. 915. 941. 963. 993. 1616. 4646. 6403. 6666. 69601003.
19111931. 1911. 2044. 2063. 10191 10299. 10321. 10366.
2121. 2164. 2161. 1113. 2216. 10931.

1111. 1113. 113111911301. Brit6n 2126. 2291. 6234. 6966.

1311 2360. 2361. 2391. 2616. 1011. 6666. 9161. 9496. 9661.

2622. 2629. 2661. 2103. 2162. 9963. 10091. 10436. 10191

1199. 3031. 3033. 3036. 3031. 11135. 11616. 11931 11901.

3093. 3114. 3161. 3166. 3166. Brituneis 166. 260.

3219. 3249. 3211. 3466. 3636. 1311211j11 321. 4223.

3642. 3662. 3103. 3131. 3160. eurstm 6233. 6162. 6614. 6666.
' 3166. 3196. 3636. 3631. 3662. 6901. 6269. 6334. 6342. 6646.

4131. 4146. 4164. 4613. 4668.
4641. 4613. 4693. 6502. 6636.
6961. 1409. 1423. 1410. 7475.
10264 10263. 10554. 10633.
11475. 11469. 11495. 11676.
11911. 11932. 11936. 11955.
11977. 11961. 12023. 12023.
12121. 12113. 12162. 12172.
12116. 12205. 12213. 12236.
12367. 12371. 12401. 12162.
12515. 12551. 12577. 12582.

6633. 6966. 7036. 7043. 7054.
7061. 7072. 6191. 9061. 9063.
9160. 9161. 9175. 9134. 9192.
9200. 9216. 9230. 9275. 9293.
9162. 9177. 9496. 9539. 9551,
9571. 9516. 9666. 9636. 9669.
9693. 9709. 9752. 9763. 9166.
9796. 91919615. 9666. 9561.
9666. 9699. 9964. 10001. 10012.
10096. 10337. 10419. 10437.
10764. 10775. 10562. 10569.

12604. 12606. 12613. 12619. 11166. 11423. 11425. 11445.
Βρἱιῖῑιε 151. 11419. 11158. Cursin 10124.
Belfortemunt 1103. 1319. 1390. Deselmiur 3661.

144074191975. 19111915. 1191096111 1869. Dulceflorllffll.

 

