21⁶

(111 11111 1111111 1111111111,
11 11111 1111111 palu
11 (111 11111111 111 wau
1111 1111 1111111111111 1111111111.
(11 (111 degon 111111 1111
11 (1111111111 11111 11111111,
1111111111111111111111. ’

(111 11111111 111 1111111111,
1111 (111 111111 11 1111111111 11111111.
111111111111111111 ((111 111 11111
1111111 11 (111 111111 stunt,
(1111111111 11 11 1111111111
11 1111 (111 1111111111 1111
1111 1111111111111111111111
111 111 111 1111111 1111
111111 un 11 11111.
un (111 111111 11111
(111 111111 1111 11111.
mo 11 1111111 1111 1111111111
1111 {rouen 1111111111,
(111 111111 11 11 der 11111 mam...
ι111111, 111 11111111111111
11111 111111 1111111111.
1111 mir 111 1111 1111111111 111111
(111 11111 1111111111 11111 1111
1111 (111 amit (111 11 1111111,
1111111111 11111 1111111111,
[127⁶] von 111111111111 1111111111. l
mmmmmm
((1111 1111111111 111111.
11111 1111 111111111111111
1111 111111 11111 (111 11 11111.
11 1111 1111111111 gan· 111111.
7111 1111111 1111 1111111111111 1111,
(111 11111 (111111 1111111111

1

7178 vol 111111. 71811111. winimannum. 7111111111
71111111. 7⁶0⁶ 1111 11111.

 

